130,1363
126,1479
130,503
130,507
130,1493
130,1147
130,1492
130,1144
132,1119
130,1888
126,1688
130,1431
130,1429
126,1188
126,1184
130,509
126,1687
130,1887
130,1146
130,1105
126,940
126,876
126,939
126,875
126,586
126,1686
132,311
132,1118
132,617
132,615
130,1886
130,1162
126,1685
130,1885
130,671
130,669
130,667
130,666
130,665
130,661
130,663
130,657
130,654
130,652
130,650
130,647
130,646
130,644
130,643
130,640
130,354
130,1241
130,1242
130,1239
130,1240
130,1237
130,1238
130,1235
130,1236
132,861
132,856
126,1684
130,1153
132,1117
130,1157
130,1884
130,1275
130,1274
129,104
129,36
129,68
126,1683
130,1111
129,66
130,497
130,1092
126,1312
130,1096
126,447
126,1682
130,1883
130,1107
132,1033
132,1032
132,1116
130,69
126,1681
132,964
132,961
130,1882
130,1165
126,1680
132,1115
130,1881
130,1110
126,1679
130,320
130,475
130,1114
130,1115
130,1880
130,1094
130,502
130,471
126,1678
130,1145
130,1143
130,1098
130,1101
130,1119
130,1112
132,1114
130,343
130,488
130,1099
130,561
130,551
130,21
130,1104
130,524
130,568
130,558
130,548
130,1102
130,569
130,562
130,553
130,1109
130,247
130,1879
130,1116
130,567
130,557
130,1345
130,1344
130,560
130,554
130,215
130,1093
130,564
130,555
130,565
130,1607
130,1606
130,1605
130,1604
130,1602
130,1600
130,1599
130,1598
130,1597
130,1596
130,1595
130,1594
130,1593
130,1592
130,1591
130,1590
130,1589
130,1588
130,1587
130,1586
130,1585
130,1584
130,1583
130,1582
130,1581
130,1580
130,1579
130,1578
130,1577
130,1576
130,1575
130,573
130,1574
130,1573
130,1572
130,1571
130,1570
130,1569
130,1568
130,1567
130,1566
130,1565
130,1564
130,1563
130,1562
130,1561
130,1560
130,1559
130,1558
130,1557
130,1556
130,1555
130,1554
130,1553
130,1552
130,1551
130,571
130,1550
130,1549
130,1548
130,1547
130,1546
130,1545
130,1544
130,1543
130,1542
130,1541
130,1540
130,1539
130,1538
130,1537
130,1536
130,1343
130,1342
130,1341
130,1340
130,1339
130,1338
130,1337
130,1336
130,1335
130,1334
130,1333
130,566
130,1332
130,1331
130,1330
130,1329
130,1328
130,1327
130,1326
130,1325
130,1324
130,1323
130,1322
130,1321
130,1320
130,1319
130,1318
130,1317
130,1316
130,1315
130,1314
130,1313
130,1312
130,1311
130,1310
130,1309
130,1308
130,1307
130,1306
130,1305
130,1304
130,563
130,1303
130,1302
130,1301
130,1300
130,1299
130,1298
130,1297
130,1296
130,1295
130,1294
130,1293
130,1292
130,1291
130,1290
130,1289
130,1288
130,1287
130,1286
130,1285
130,1284
130,1283
130,1282
130,1281
130,1280
130,1087
130,1086
130,559
130,1085
130,1084
130,1083
130,1082
130,1081
130,1080
130,1079
130,1078
130,1077
130,1076
130,1075
130,1074
130,1073
130,1072
130,556
130,1601
130,1603
132,1031
126,1677
132,1113
130,1357
126,1676
130,1878
126,1311
126,1305
126,1675
130,1273
130,1877
126,1310
126,446
113,102
132,860
132,841
126,938
126,874
126,1674
132,1112
130,1491
130,1876
132,963
132,616
132,613
132,501
126,1673
130,1191
130,1176
132,1029
130,1875
132,1111
126,928
126,922
126,314
126,304
126,286
126,113
126,864
126,845
126,311
126,305
126,285
126,616
126,579
126,89
126,1672
126,1481
126,568
130,1874
126,1671
130,1190
130,113
130,193
130,222
130,242
130,340
130,735
130,704
130,236
130,78
130,789
130,770
130,202
130,404
130,394
130,405
130,121
130,403
130,397
130,500
130,506
130,470
130,464
130,127
130,675
130,672
130,660
130,642
130,228
130,200
130,686
130,679
130,664
130,655
130,648
130,355
130,229
130,33
130,1873
126,1670
130,1430
130,1428
130,29
132,1110
130,1426
126,1309
126,1299
126,1669
130,1872
132,859
132,843
130,1189
126,1668
130,1871
132,1109
126,1308
126,1288
130,1365
130,1356
130,1272
126,1667
132,1108
130,1870
126,1187
132,962
126,1183
132,511
126,1666
129,144
130,1869
126,1665
126,1480
126,1478
130,1361
130,1188
130,96
130,1868
132,1107
126,1664
132,858
132,850
130,465
130,1867
126,1663
132,1106
126,1186
126,937
126,873
126,1662
130,1866
130,1490
132,1030
132,1028
126,578
126,1307
126,1284
132,614
132,857
132,854
126,1661
130,1865
130,1142
132,1105
126,1660
130,1864
130,1271
126,1659
130,1167
130,1863
132,1104
126,1658
130,1862
130,91
126,1657
132,1025
132,1103
130,496
130,1861
126,1477
126,1656
130,1418
130,1860
132,1102
126,1655
132,510
130,1859
132,1101
126,1654
126,923
126,909
126,902
126,704
126,306
126,860
126,849
126,838
126,309
126,303
126,291
126,105
126,80
126,1152
126,597
126,278
130,421
130,416
126,1185
126,1653
126,611
130,1858
132,851
129,103
126,1652
130,1857
132,1100
130,1270
129,12
132,612
130,1427
130,1424
130,1487
126,1180
126,1651
130,1489
130,1488
130,1482
126,936
126,872
132,1099
126,1650
130,1364
130,1362
130,1727
132,509
130,1360
126,631
126,1177
126,1649
130,1138
130,1726
130,750
130,1413
132,1098
126,1648
130,1725
126,1476
132,1027
132,1026
132,382
126,1647
126,1306
126,20
130,1724
126,1646
132,1097
126,1166
130,1723
126,1645
130,1269
126,1182
132,1096
130,1722
126,1181
126,1644
130,1721
126,1643
126,1170
130,473
130,97
130,1359
130,1720
126,1295
126,1642
132,1095
132,855
132,75
130,1719
126,1641
130,1484
132,1094
126,1304
126,1291
126,1640
130,1718
132,611
126,935
126,871
132,1093
126,1639
130,1717
130,80
126,1638
126,1303
126,1292
130,1716
130,1187
130,223
132,835
132,1092
130,1268
126,1637
130,1486
130,59
130,93
132,383
130,1715
132,380
126,1636
126,1173
126,1179
126,22
126,575
130,1136
130,1714
130,1485
130,345
130,774
132,1091
126,1635
126,915
126,903
126,900
126,898
126,710
126,318
126,308
126,292
126,81
126,859
126,854
126,843
126,841
126,836
126,705
126,267
126,1163
126,1153
126,585
126,297
126,49
130,809
130,1141
130,1140
130,511
130,1425
130,1421
130,1139
130,740
130,358
130,711
130,731
130,707
130,721
130,225
130,742
130,732
130,708
130,331
130,804
130,793
130,782
130,769
130,329
130,81
130,795
130,772
130,781
130,432
130,426
130,442
130,433
130,392
130,408
130,396
130,409
130,395
130,407
130,431
130,111
130,400
130,461
130,494
130,484
130,451
130,104
130,690
130,681
130,676
130,670
130,659
130,213
130,114
130,55
130,689
130,684
130,674
130,668
130,662
130,649
130,334
130,125
130,19
130,1713
130,455
126,1634
132,1090
130,1267
130,1712
126,1633
132,504
130,428
126,1632
130,1711
132,1089
130,1186
130,444
130,1423
130,46
126,1631
130,1710
130,483
132,506
126,1630
130,1483
130,119
130,1709
130,110
130,430
130,48
126,1629
132,1088
130,89
130,90
132,853
126,1474
130,1708
126,1628
130,194
130,486
126,397
126,934
126,870
130,453
130,76
130,1707
126,1302
126,72
126,1627
130,441
130,220
130,450
132,959
132,610
126,1626
130,49
130,498
130,1706
130,495
130,1266
130,1416
126,1625
132,381
130,1705
132,379
126,1178
130,98
130,467
130,481
113,101
130,38
132,958
132,508
132,499
126,1624
130,536
130,526
130,83
130,1131
130,1354
132,852
132,268
130,544
130,535
130,523
130,463
130,1704
130,1088
126,639
130,474
130,547
130,538
130,531
130,195
130,546
130,540
130,533
130,527
132,846
130,469
130,420
130,492
130,915
130,541
130,530
130,510
130,552
130,549
130,545
130,542
130,537
130,534
130,529
130,335
130,487
130,1071
130,1070
130,1069
130,1068
130,1067
130,1066
130,1065
130,1064
130,1063
130,1062
130,1061
130,1060
130,1059
130,1058
130,1057
130,1056
130,1055
130,1054
130,1053
130,1052
130,1051
130,1050
130,1049
130,1048
130,1047
130,1046
130,1045
130,1044
130,1043
130,1042
130,1041
130,1040
130,1039
130,1038
130,1037
130,1036
130,1035
130,1034
130,1033
130,1032
130,1031
130,1030
130,1029
130,1028
130,1027
130,1026
130,1025
130,1024
130,1023
130,1022
130,1021
130,1020
130,1019
130,1018
130,550
130,1017
130,1016
130,1015
130,1014
130,1013
130,1012
130,1011
130,1010
130,1009
130,1008
130,1007
130,1006
130,1005
130,1004
130,1003
130,1002
130,1001
130,1000
130,999
130,998
130,997
130,996
130,995
130,994
130,993
130,992
130,991
130,990
130,989
130,988
130,987
130,986
130,985
130,984
130,983
130,982
130,981
130,543
130,980
130,979
130,978
130,977
130,976
130,975
130,974
130,973
130,972
130,971
130,970
130,969
130,968
130,967
130,966
130,965
130,964
130,963
130,962
130,961
130,959
130,958
130,957
130,956
130,955
130,954
130,953
130,952
130,951
130,950
130,949
130,948
130,947
130,946
130,945
130,944
130,943
130,942
130,539
130,941
130,940
130,939
130,938
130,937
130,936
130,935
130,934
130,933
130,932
130,931
130,930
130,929
130,928
130,927
130,926
130,925
130,924
130,923
130,922
130,921
130,920
130,919
130,918
130,917
130,916
130,914
130,913
130,912
130,911
130,910
130,909
130,908
130,907
130,906
130,905
130,532
130,904
130,903
130,960
130,528
126,1301
126,1289
126,1623
130,1703
126,1622
132,957
130,1702
126,1621
130,766
130,1701
126,1620
132,956
132,377
129,96
126,1619
130,1700
130,1422
130,1420
132,507
126,1618
132,955
130,1265
130,1856
130,1792
132,493
130,1699
126,1617
130,1185
130,1174
130,1698
130,95
132,954
126,1616
130,1481
130,108
126,925
126,921
126,918
126,913
126,910
126,906
126,904
126,706
126,294
126,268
126,99
126,31
126,861
126,856
126,853
126,850
126,844
126,840
126,837
126,833
126,707
126,313
126,279
126,124
126,98
126,610
126,1156
126,609
126,592
126,290
126,70
130,230
130,447
130,1697
132,122
126,1615
126,933
126,869
132,953
126,1614
130,1696
130,1135
132,609
130,902
130,1137
126,1613
126,1300
130,1695
126,1171
126,1612
132,952
132,837
130,1179
130,1694
126,1176
126,438
126,1611
126,614
129,88
130,1693
126,1610
132,951
130,1729
126,1298
126,120
126,424
114,2
126,1609
130,1692
130,1264
126,1175
130,1728
132,378
132,376
126,1608
130,1691
132,950
130,100
126,1607
126,1297
126,417
130,27
130,58
129,143
130,1690
130,1177
126,1606
132,949
130,1689
130,1350
126,1605
126,1174
130,1263
130,1262
130,1358
130,39
126,1604
130,1688
132,948
126,589
126,1475
126,569
126,1603
132,375
130,1687
130,1419
126,932
126,868
130,388
129,6
129,78
113,1
113,100
113,0
126,1602
132,849
132,317
132,947
130,1686
130,1480
130,1348
126,1601
132,608
132,502
132,946
130,1261
130,1260
130,1685
126,607
126,1600
130,1351
130,1684
126,1599
126,573
132,702
126,1296
132,945
124,3
128,4
129,102
129,84
129,92
126,1598
130,1683
126,927
126,924
126,919
126,917
126,912
126,908
126,905
126,901
126,899
126,712
126,708
126,316
126,310
126,299
126,280
126,260
126,106
126,63
126,30
126,28
126,863
126,858
126,855
126,852
126,848
126,846
126,842
126,839
126,835
126,711
126,319
126,315
126,307
126,298
126,275
126,259
126,90
126,62
126,29
126,101
126,1165
126,1154
126,625
126,604
126,591
126,270
126,21
130,28
130,328
130,233
130,218
130,713
130,356
130,203
130,105
130,26
130,780
130,352
130,232
130,107
130,124
130,776
130,768
130,75
130,216
130,239
130,251
130,386
130,24
130,459
130,237
130,656
130,651
130,645
130,349
130,245
130,103
130,658
130,653
130,641
130,351
130,254
130,212
130,109
130,18
130,198
126,577
126,1597
126,277
130,226
130,1682
132,944
126,116
129,101
129,2
129,0
130,1259
130,1258
129,37
126,1596
130,117
130,1681
126,1595
126,1290
114,3
126,1283
126,420
126,1282
126,442
126,437
126,431
126,427
126,415
126,400
126,414
126,401
126,436
126,402
126,422
126,121
126,429
126,425
126,412
126,410
126,398
126,396
126,390
126,385
126,122
126,87
126,55
126,58
126,439
126,443
126,100
126,395
126,110
126,384
126,428
126,409
126,386
126,46
126,413
126,394
126,257
126,88
126,440
126,434
126,423
126,407
126,392
126,123
126,435
126,1286
126,1280
126,426
126,406
126,391
126,114
126,263
126,256
126,433
126,418
126,404
126,393
126,266
126,67
126,387
126,94
126,432
126,416
126,403
126,274
126,47
126,117
126,119
126,405
126,1281
126,1287
126,388
126,421
126,399
126,271
126,273
126,389
126,441
126,430
126,408
126,411
126,19
132,943
126,1594
130,1680
130,20
130,1134
129,67
130,118
126,126
126,638
130,1175
130,73
130,60
126,1593
130,1679
113,2
126,620
126,619
126,637
126,1592
130,1257
130,122
126,1158
130,102
132,942
130,1678
130,1352
130,94
130,44
126,1591
129,1
126,97
130,452
126,596
129,58
130,1677
126,622
132,941
126,570
126,1590
126,8
126,7
126,931
126,867
126,66
126,636
126,295
126,1172
126,605
129,73
129,5
129,99
126,1162
132,505
130,466
130,1676
129,54
126,1589
126,627
132,495
126,626
126,92
126,85
126,4
129,86
129,81
132,607
130,1473
130,457
130,22
126,103
129,16
126,111
126,598
126,65
130,36
126,444
130,197
126,612
126,576
126,302
126,1588
130,1675
130,1255
126,600
126,603
126,289
126,595
132,940
126,624
126,1167
126,69
126,618
130,477
126,590
126,628
126,594
126,76
130,346
126,281
126,1159
126,1161
130,250
126,617
129,29
126,615
129,82
126,86
126,629
126,1587
126,2
126,0
130,1479
130,478
126,613
126,419
130,40
117,3
126,1
126,84
129,95
129,89
126,623
126,37
126,83
126,634
130,8
126,582
130,7
122,3
126,282
126,606
126,1285
130,411
126,527
126,23
132,848
126,587
130,522
130,514
130,326
130,209
130,84
130,86
130,348
130,210
130,68
129,91
129,98
128,3
126,1164
126,584
130,515
130,323
130,116
126,556
126,546
126,539
126,530
126,520
126,301
126,272
126,96
126,71
126,512
126,571
126,265
126,635
126,633
130,5
126,630
132,838
130,115
126,39
126,559
126,547
126,536
126,525
126,514
126,264
126,75
126,42
126,95
126,565
126,562
126,558
126,553
126,552
126,548
126,543
126,541
126,538
126,532
126,529
126,522
126,519
126,515
126,296
126,283
126,261
126,102
126,78
126,44
126,45
126,77
130,525
130,519
130,82
130,34
130,516
130,512
130,330
130,231
130,199
130,101
130,47
130,88
130,85
130,517
130,324
130,23
130,66
126,566
126,560
126,555
126,550
126,544
126,540
126,533
126,528
126,521
126,518
126,513
126,284
126,262
126,107
126,79
126,82
130,884
130,61
130,57
130,30
130,17
130,16
130,15
130,521
130,518
130,513
130,333
130,241
130,205
130,106
129,141
129,140
129,139
129,138
129,137
129,136
129,135
129,134
129,133
129,132
129,131
129,130
129,129
129,128
129,76
129,74
129,71
129,70
129,69
129,65
129,63
129,59
129,57
129,55
129,53
129,51
129,49
129,47
129,46
129,43
129,41
129,39
129,35
129,32
129,30
129,28
129,25
129,24
129,20
129,19
129,18
129,11
129,10
129,9
129,8
129,7
130,901
130,900
130,899
130,898
130,897
130,896
130,895
130,894
130,893
130,892
130,891
130,890
130,889
130,888
130,887
130,886
130,885
130,883
130,882
130,881
130,880
130,879
130,878
130,877
130,876
130,875
130,874
130,873
130,872
130,871
130,870
130,869
130,868
130,867
130,866
130,865
130,864
130,863
130,862
130,861
130,860
130,859
130,858
130,857
130,856
130,855
130,854
130,853
130,852
130,851
130,850
130,849
130,848
130,847
130,846
130,845
130,844
130,843
130,842
130,841
130,840
130,839
130,838
130,837
130,836
130,835
130,834
130,833
130,832
130,639
130,638
130,637
130,636
130,635
130,634
130,633
130,632
130,631
130,630
130,629
130,628
130,627
130,626
130,625
130,624
130,623
130,622
130,621
130,620
130,619
130,618
130,617
130,616
130,615
130,614
130,613
130,612
130,611
130,610
130,609
130,608
130,607
130,606
130,605
130,604
130,603
130,602
130,601
130,600
130,599
130,598
130,597
130,596
130,595
130,594
130,593
130,592
130,591
130,590
130,589
130,588
130,587
130,586
130,585
130,584
130,583
130,582
130,581
130,580
130,579
130,578
130,577
130,576
130,319
130,318
130,317
130,316
130,315
130,314
130,313
130,312
130,311
130,310
130,309
130,308
130,307
130,306
130,305
130,304
130,303
130,302
130,301
130,300
130,299
130,298
130,297
130,296
130,295
130,294
130,293
130,292
130,291
130,290
130,289
130,288
130,287
130,286
130,285
130,284
130,283
130,282
130,281
130,280
130,279
130,278
130,277
130,276
130,275
130,274
130,273
130,272
130,271
130,270
130,269
130,268
130,267
130,266
130,265
130,264
130,263
130,262
130,261
130,260
130,259
130,258
130,257
130,256
130,191
130,190
130,189
130,188
130,187
130,186
130,185
130,184
130,183
130,182
130,181
130,180
130,179
130,178
130,177
130,176
130,175
130,174
130,173
130,172
130,171
130,170
130,169
130,168
130,167
130,166
130,165
130,164
130,163
130,162
130,161
130,160
130,159
130,158
130,157
130,156
130,155
130,154
130,153
130,152
130,151
130,150
130,149
130,148
130,147
130,146
130,145
130,144
130,143
130,142
130,141
130,140
130,139
130,138
130,137
130,136
130,135
130,134
130,133
130,132
130,131
130,130
130,129
130,128
130,79
130,77
130,74
130,72
130,70
130,65
130,64
130,63
130,62
130,54
130,51
130,50
130,45
130,37
130,35
130,32
130,31
130,14
130,13
130,12
130,11
130,10
130,520
130,350
130,224
130,67
130,196
126,554
126,545
126,534
126,526
126,517
126,288
126,109
126,68
126,563
126,557
126,551
126,542
126,537
126,531
126,524
126,516
126,287
126,24
126,108
129,3
126,1415
126,1083
126,990
126,968
126,694
126,693
126,692
126,691
126,670
126,655
126,652
126,478
126,212
126,211
126,198
126,189
126,187
126,184
126,173
126,169
126,165
126,156
126,155
126,151
126,147
126,146
126,145
126,144
126,143
126,140
126,52
126,38
126,36
126,35
126,34
126,33
126,32
126,10
126,9
130,1
130,2
130,0
130,9
107,3
116,3
130,6
130,4
130,3
126,581
126,5
126,1562
126,1561
126,1560
126,1559
126,1558
126,1557
126,1556
126,1555
126,1554
126,1553
126,1552
126,1551
126,1550
126,1549
126,1548
126,1547
126,1546
126,1545
126,1544
126,1543
126,1542
126,1541
126,1540
126,1539
126,1538
126,1537
126,1536
126,1471
126,1470
126,1469
126,1468
126,1467
126,1466
126,1465
126,1464
126,1463
126,1462
126,1461
126,1460
126,1459
126,1458
126,1457
126,1456
126,1455
126,1454
126,1453
126,1452
126,1451
126,1450
126,1449
126,1448
126,1447
126,1446
126,1445
126,1444
126,1443
126,1442
126,1441
126,1440
126,1439
126,1438
126,1437
126,1436
126,1435
126,1434
126,1433
126,1432
126,1431
126,1430
126,1429
126,1428
126,1427
126,1426
126,1425
126,1424
126,1423
126,1422
126,1421
126,1420
126,1419
126,1418
126,1417
126,1416
126,1414
126,1413
126,1412
126,1411
126,1410
126,1409
126,1408
126,1407
126,1406
126,1405
126,1404
126,1403
126,1402
126,1401
126,1400
126,1399
126,1398
126,1397
126,1396
126,1395
126,1394
126,1393
126,1392
126,1391
126,1390
126,1389
126,1388
126,1387
126,1386
126,1385
126,1384
126,1383
126,1382
126,1381
126,1380
126,1379
126,1378
126,1377
126,1376
126,1375
126,1374
126,1373
126,1372
126,1371
126,1370
126,1369
126,1368
126,1367
126,1366
126,1365
126,1364
126,1363
126,1362
126,1361
126,1360
126,1359
126,1358
126,1357
126,1356
126,1355
126,1354
126,1353
126,1352
126,1351
126,1350
126,1349
126,1348
126,1347
126,1346
126,1345
126,1344
126,1279
126,1278
126,1277
126,1276
126,1275
126,1274
126,1273
126,1272
126,1271
126,1270
126,1269
126,1268
126,1267
126,1266
126,1265
126,1264
126,1263
126,1262
126,1261
126,1260
126,1259
126,1258
126,1257
126,1256
126,1255
126,1254
126,1253
126,1252
126,1251
126,1250
126,1249
126,1248
126,1247
126,1246
126,1245
126,1244
126,1243
126,1242
126,1241
126,1240
126,1239
126,1238
126,1237
126,1236
126,1235
126,1234
126,1233
126,1232
126,1231
126,1230
126,1229
126,1228
126,1227
126,1226
126,1225
126,1224
126,1223
126,1222
126,1221
126,1220
126,1219
126,1218
126,1217
126,1216
126,1151
126,1150
126,1149
126,1148
126,1147
126,1146
126,1145
126,1144
126,1143
126,1142
126,1141
126,1140
126,1139
126,1138
126,1137
126,1136
126,1135
126,1134
126,1133
126,1132
126,1131
126,1130
126,1129
126,1128
126,1127
126,1126
126,1125
126,1124
126,1123
126,1122
126,1121
126,1120
126,1119
126,1118
126,1117
126,1116
126,1115
126,1114
126,1113
126,1112
126,1111
126,1110
126,1109
126,1108
126,1107
126,1106
126,1105
126,1104
126,1103
126,1102
126,1101
126,1100
126,1099
126,1098
126,1097
126,1096
126,1095
126,1094
126,1093
126,1092
126,1091
126,1090
126,1089
126,1088
126,1087
126,1086
126,1085
126,1084
126,1082
126,1081
126,1080
126,1079
126,1078
126,1077
126,1076
126,1075
126,1074
126,1073
126,1072
126,1071
126,1070
126,1069
126,1068
126,1067
126,1066
126,1065
126,1064
126,1063
126,1062
126,1061
126,1060
126,1059
126,1058
126,1057
126,1056
126,1055
126,1054
126,1053
126,1052
126,1051
126,1050
126,1049
126,1048
126,1047
126,1046
126,1045
126,1044
126,1043
126,1042
126,1041
126,1040
126,1039
126,1038
126,1037
126,1036
126,1035
126,1034
126,1033
126,1032
126,1031
126,1030
126,1029
126,1028
126,1027
126,1026
126,1025
126,1024
126,1023
126,1022
126,1021
126,1020
126,1019
126,1018
126,1017
126,1016
126,1015
126,1014
126,1013
126,1012
126,1011
126,1010
126,1009
126,1008
126,1007
126,1006
126,1005
126,1004
126,1003
126,1002
126,1001
126,1000
126,999
126,998
126,997
126,996
126,995
126,994
126,993
126,992
126,991
126,989
126,988
126,987
126,986
126,985
126,984
126,983
126,982
126,981
126,980
126,979
126,978
126,977
126,976
126,975
126,974
126,973
126,972
126,971
126,970
126,969
126,967
126,965
126,964
126,963
126,962
126,961
126,960
126,831
126,830
126,829
126,828
126,827
126,826
126,825
126,824
126,823
126,822
126,821
126,820
126,819
126,818
126,817
126,816
126,815
126,814
126,813
126,812
126,811
126,810
126,809
126,808
126,807
126,806
126,805
126,804
126,803
126,802
126,801
126,800
126,799
126,798
126,797
126,796
126,795
126,794
126,793
126,792
126,791
126,790
126,789
126,788
126,787
126,786
126,785
126,784
126,783
126,782
126,781
126,780
126,779
126,778
126,777
126,776
126,775
126,774
126,773
126,772
126,771
126,770
126,769
126,768
126,703
126,702
126,701
126,700
126,699
126,698
126,697
126,696
126,695
126,690
126,689
126,688
126,687
126,686
126,685
126,684
126,683
126,682
126,681
126,680
126,679
126,678
126,677
126,676
126,675
126,674
126,673
126,672
126,671
126,669
126,668
126,667
126,666
126,665
126,664
126,663
126,662
126,661
126,660
126,659
126,658
126,657
126,656
126,654
126,653
126,651
126,650
126,649
126,648
126,647
126,646
126,645
126,644
126,643
126,642
126,641
126,640
126,511
126,510
126,509
126,508
126,507
126,506
126,505
126,504
126,503
126,502
126,501
126,500
126,499
126,498
126,497
126,496
126,495
126,494
126,493
126,492
126,491
126,490
126,489
126,488
126,487
126,486
126,485
126,484
126,483
126,482
126,481
126,480
126,479
126,477
126,476
126,475
126,474
126,473
126,472
126,471
126,470
126,469
126,468
126,467
126,466
126,465
126,464
126,463
126,462
126,461
126,460
126,459
126,458
126,457
126,456
126,455
126,454
126,453
126,452
126,451
126,450
126,449
126,448
126,383
126,382
126,381
126,380
126,379
126,378
126,377
126,376
126,375
126,374
126,373
126,372
126,371
126,370
126,369
126,368
126,367
126,366
126,365
126,364
126,363
126,362
126,361
126,360
126,359
126,358
126,357
126,356
126,355
126,354
126,353
126,352
126,351
126,350
126,349
126,348
126,347
126,346
126,345
126,344
126,343
126,342
126,341
126,340
126,339
126,338
126,337
126,336
126,335
126,334
126,333
126,332
126,331
126,330
126,329
126,328
126,327
126,326
126,325
126,324
126,323
126,322
126,321
126,320
126,255
126,254
126,253
126,252
126,251
126,250
126,249
126,248
126,247
126,246
126,245
126,244
126,243
126,242
126,241
126,240
126,239
126,238
126,237
126,236
126,235
126,234
126,233
126,232
126,231
126,230
126,229
126,228
126,227
126,226
126,225
126,224
126,223
126,222
126,221
126,220
126,219
126,218
126,217
126,216
126,215
126,214
126,213
126,210
126,209
126,208
126,207
126,206
126,205
126,204
126,203
126,202
126,201
126,200
126,199
126,197
126,196
126,195
126,194
126,193
126,192
126,191
126,190
126,188
126,186
126,966
126,185
126,183
126,182
126,181
126,180
126,179
126,178
126,177
126,176
126,175
126,174
126,172
126,171
126,170
126,168
126,167
126,166
126,164
126,163
126,162
126,161
126,160
126,159
126,158
126,157
126,154
126,153
126,152
126,150
126,149
126,148
126,142
126,141
126,139
126,138
126,137
126,136
126,135
126,134
126,133
126,132
126,131
126,130
126,129
126,128
126,64
126,61
126,60
126,59
126,57
126,56
126,54
126,53
126,51
126,50
126,48
126,43
126,27
126,26
126,25
126,18
126,17
126,16
126,15
126,14
126,13
126,12
126,11
126,3
126,561
126,549
126,535
126,523
126,300
126,118
126,93
126,572
126,6
113,98
113,97
113,96
113,95
113,94
113,93
113,92
113,91
113,90
113,89
113,88
113,87
113,86
113,85
113,84
113,83
113,82
113,81
113,80
113,79
113,78
113,77
113,76
113,75
113,74
113,73
113,72
113,71
113,70
113,69
113,68
113,67
113,66
113,65
113,64
113,35
113,34
113,33
113,32
113,31
113,30
113,29
113,28
113,27
113,26
113,25
113,24
113,23
113,22
113,21
113,20
113,19
113,18
113,17
113,16
113,15
113,14
113,13
113,12
113,11
113,10
113,9
113,8
113,7
113,6
113,5
113,4
113,3
129,4
109,3
130,1674
132,703
132,701
132,939
132,500
126,1586
130,1673
126,1585
126,1584
132,938
130,1672
130,1256
130,1254
129,100
129,50
126,1583
130,458
130,1671
126,574
130,53
130,1184
130,1178
126,1582
126,564
130,1475
132,937
130,1670
130,1133
130,1132
126,1294
126,1581
130,482
129,142
130,1669
113,99
132,847
132,259
126,1580
130,1118
130,1253
130,1252
126,1579
130,1668
132,936
126,1473
126,1472
130,1414
126,1578
130,1667
126,930
126,866
132,935
126,1577
130,575
130,1666
126,115
126,1576
132,30
132,934
130,762
130,1665
126,1575
132,1024
132,700
130,1664
126,1574
132,840
132,503
132,933
126,1573
130,1663
126,1293
126,445
0,447
0,446
126,580
126,1572
0,445
0,444
132,457
0,443
130,1478
130,1417
0,442
0,441
0,440
0,439
130,1662
0,438
130,1251
0,434
132,932
126,1571
0,406
130,1661
0,399
0,394
126,1570
0,377
0,370
0,365
130,1660
126,1569
0,353
126,601
132,931
132,699
0,338
0,333
0,332
126,1568
130,1659
0,328
126,1567
0,511
130,1658
0,510
0,509
0,508
130,1163
132,930
0,507
0,506
126,1566
0,505
0,504
0,503
0,502
0,501
0,499
0,498
0,497
0,496
0,495
0,494
0,493
0,492
0,491
0,490
0,489
0,488
0,487
0,486
0,485
0,484
132,498
0,483
0,482
0,481
126,1169
0,480
0,479
0,478
0,476
126,1168
130,1657
0,475
0,474
0,473
0,472
0,471
0,470
0,469
0,468
0,467
0,466
0,465
0,464
126,1565
0,463
0,462
0,461
0,460
0,457
0,456
0,455
0,454
0,453
0,452
0,451
0,450
132,929
0,449
130,1355
0,448
0,703
130,1353
0,702
126,929
126,865
0,701
0,2
0,700
0,699
0,698
0,697
0,696
0,695
0,694
0,693
0,692
0,691
0,690
0,689
0,688
0,687
0,686
0,685
0,684
0,683
0,682
0,679
0,678
0,677
0,676
0,675
130,1656
0,674
0,673
0,672
132,698
126,1564
0,671
0,670
0,669
0,668
0,667
0,666
0,665
0,664
0,663
0,662
0,661
0,243
0,660
0,659
0,658
0,657
0,656
0,655
126,1563
130,1250
0,654
130,1655
0,653
0,431
0,429
0,371
0,369
0,652
0,651
0,642
0,358
0,355
0,650
0,360
0,649
0,425
0,354
0,356
0,351
0,350
126,567
0,349
0,348
0,424
0,344
0,341
0,340
0,339
0,458
0,422
0,335
0,680
0,337
0,336
0,334
0,477
0,437
0,331
0,330
0,329
0,648
0,327
0,421
0,419
0,321
0,317
0,326
0,325
0,324
0,323
0,420
0,320
0,319
0,318
0,316
0,315
0,314
0,313
0,416
0,415
0,411
0,312
0,311
0,309
0,306
0,301
0,401
0,435
0,400
0,647
0,408
0,646
0,388
0,387
0,382
0,389
0,432
0,386
0,385
0,383
0,384
0,381
0,380
0,298
0,297
0,293
0,283
0,282
0,278
0,268
0,267
0,266
0,265
0,264
0,263
0,262
0,261
0,260
0,259
0,258
0,253
0,430
0,372
0,247
0,245
0,244
0,232
0,231
0,230
0,227
0,226
0,225
0,224
0,223
0,221
0,220
0,219
0,218
0,217
0,347
0,346
0,345
0,214
0,423
0,213
0,343
0,212
0,342
0,211
0,210
0,209
0,208
0,207
0,206
0,205
0,204
0,203
0,202
0,201
0,200
0,199
0,198
0,197
0,196
0,195
0,194
0,193
0,192
0,63
0,62
0,61
0,60
0,59
0,58
0,57
0,56
0,55
0,54
0,53
0,52
0,51
0,50
0,49
0,48
0,47
0,46
0,45
0,6
0,257
0,379
0,256
0,378
0,255
0,254
0,376
0,252
0,375
0,251
0,374
0,250
0,373
0,249
0,248
0,246
0,242
0,368
0,241
0,367
0,240
0,366
0,239
0,459
0,238
0,364
0,237
0,363
0,236
0,428
0,235
0,427
0,234
0,362
0,233
0,361
0,229
0,1
0,359
0,322
0,0
0,357
0,228
0,426
0,222
0,352
0,216
0,215
0,418
0,300
0,417
0,299
0,414
0,296
0,413
0,295
0,412
0,294
0,410
0,292
0,409
0,291
0,407
0,290
0,436
0,289
0,288
0,405
0,287
0,404
0,286
0,403
0,285
0,402
0,284
0,281
0,280
0,398
0,279
0,397
0,277
0,396
0,276
0,395
0,275
0,274
0,393
0,273
0,392
0,272
0,433
0,271
0,391
0,270
0,390
0,269
0,500
0,681
0,645
134,6
134,5
2,4
134,4
134,3
134,2
134,1
134,0
133,5
133,4
133,3
133,2
133,1
133,0
0,7
2,2
0,10
0,12
0,11
0,310
2,0
0,305
0,302
2,3
1,3
0,304
0,303
0,308
0,307
0,9
0,8
132,928
132,606
132,927
132,497
132,697
132,926
132,845
132,91
132,925
132,924
132,696
132,923
132,922
132,605
132,921
132,695
132,844
132,310
132,920
132,315
132,960
132,919
132,491
132,918
132,694
132,917
132,916
132,604
132,494
132,915
132,693
132,914
132,842
132,913
132,490
132,691
132,912
132,496
132,312
132,911
132,910
132,603
132,909
132,834
132,285
132,908
132,839
132,291
132,907
132,692
132,689
132,906
132,905
132,314
132,836
132,104
132,904
132,903
132,602
132,296
132,902
132,901
132,900
132,690
132,688
132,899
132,489
132,898
132,897
132,601
132,687
132,896
132,831
132,685
132,830
132,829
132,828
132,492
132,485
132,827
132,600
132,826
132,319
132,318
132,825
132,301
132,686
132,684
132,824
132,488
132,823
132,682
132,822
132,821
132,599
132,820
132,833
132,479
132,819
132,818
132,817
132,816
132,815
132,683
132,680
132,598
132,814
132,316
132,306
132,813
132,812
132,811
132,810
132,487
132,681
132,678
132,809
132,808
132,597
132,807
132,482
132,806
132,303
132,805
132,804
132,480
132,679
132,676
132,803
132,483
132,802
132,596
132,801
132,304
132,800
132,832
132,313
132,42
132,799
132,677
132,674
132,798
132,797
132,484
132,796
132,595
132,795
132,486
132,794
132,793
132,675
132,672
132,792
132,298
132,791
132,790
132,594
132,789
132,788
132,673
132,671
132,787
132,786
132,89
132,297
132,785
132,669
132,784
132,783
132,593
132,782
132,309
132,781
132,305
132,780
132,670
132,667
132,779
132,778
132,777
132,592
132,776
132,481
132,775
132,308
132,774
132,668
132,666
132,773
132,473
132,772
132,275
132,476
132,665
132,771
132,591
132,770
132,769
132,477
132,664
132,768
132,767
132,766
132,662
132,765
132,307
132,590
132,764
132,288
132,763
132,474
132,762
132,761
132,663
132,660
132,300
132,760
132,295
132,759
132,478
132,758
132,589
132,757
132,472
132,756
132,661
132,659
132,755
132,754
132,753
132,657
132,289
132,752
132,588
132,465
132,751
132,302
132,750
132,749
132,748
132,658
132,655
132,747
132,746
132,587
132,287
132,745
132,744
132,743
132,475
132,742
132,656
132,654
132,741
132,470
132,740
132,651
132,290
132,586
132,299
132,292
132,739
132,738
132,737
132,736
132,284
132,735
132,734
132,469
132,653
132,652
132,650
132,733
132,585
132,732
132,731
132,649
132,730
132,729
132,471
132,728
132,645
132,727
132,584
132,726
132,725
132,724
132,723
132,648
132,647
132,283
132,722
132,721
132,583
132,467
132,720
132,719
132,718
132,461
132,717
132,646
132,644
132,276
132,281
132,716
132,294
132,55
132,715
132,582
132,643
132,714
132,713
132,462
132,293
132,712
132,642
132,468
132,711
132,282
132,710
132,709
132,641
132,273
132,286
132,581
132,708
132,466
132,707
132,464
132,706
132,640
132,705
132,704
132,575
132,574
132,280
132,580
132,573
132,374
132,371
132,572
132,571
132,570
132,569
132,277
132,568
132,373
132,579
132,372
132,567
132,566
132,565
132,370
132,564
132,463
132,563
132,369
132,562
132,578
132,561
132,560
132,559
132,368
132,558
132,557
132,367
132,556
132,577
132,555
132,554
132,366
132,553
132,267
132,552
132,456
132,551
132,365
132,264
132,459
132,550
132,274
132,451
132,549
132,576
132,364
132,548
132,547
132,546
132,458
132,545
132,362
132,271
132,460
132,544
132,363
132,335
132,543
132,231
132,360
132,542
132,272
132,541
132,454
132,279
132,540
132,14
132,539
132,538
132,537
132,449
132,230
132,536
132,361
132,359
132,535
132,534
132,358
132,533
132,532
132,531
132,357
132,229
132,530
132,529
132,356
132,528
132,527
132,526
132,354
132,455
132,269
132,525
132,524
132,228
132,453
132,523
132,522
132,452
132,521
132,355
132,353
132,520
132,519
132,352
132,518
132,227
132,517
132,516
132,270
132,351
132,515
132,514
132,350
132,513
132,278
132,512
132,18
132,448
132,226
132,447
132,446
132,349
132,121
132,445
132,444
132,443
132,347
132,442
132,225
132,441
132,440
132,63
132,439
132,438
132,450
132,348
132,345
132,437
132,436
132,224
132,435
132,218
132,434
132,433
132,256
132,346
132,344
132,432
132,431
132,430
132,343
132,429
132,223
132,210
132,428
132,427
132,342
132,426
132,261
132,215
132,425
132,341
132,424
132,262
132,266
132,423
132,222
132,422
132,206
132,339
132,421
132,219
132,420
132,208
132,419
132,418
132,263
132,417
132,340
132,338
132,221
132,416
132,115
132,415
132,337
132,414
132,15
132,413
132,412
132,411
132,212
132,220
132,410
132,409
132,408
132,407
132,406
132,405
132,336
132,333
132,404
132,217
132,265
132,403
132,214
132,402
132,401
132,400
132,334
132,330
132,399
132,204
132,398
132,216
132,397
132,396
132,395
132,394
132,332
132,331
132,329
132,393
132,392
132,213
132,328
132,391
132,390
132,389
132,326
132,388
132,387
132,119
132,205
132,386
132,211
132,258
132,385
132,384
132,327
132,325
132,191
132,190
132,189
132,323
132,90
132,188
132,126
132,187
132,207
132,209
132,86
132,186
132,113
132,185
132,184
132,324
132,320
132,107
132,183
132,101
132,182
132,181
132,203
132,180
132,322
132,179
132,321
132,201
132,72
132,178
132,28
132,177
132,176
132,260
132,127
132,175
132,103
132,198
132,174
132,202
132,200
132,173
132,120
132,172
132,199
132,171
132,170
132,169
132,196
132,257
132,82
132,193
132,168
132,197
132,167
132,116
132,166
132,165
132,164
132,195
132,192
132,163
132,194
132,162
132,123
132,161
132,160
132,159
132,102
132,158
132,65
132,157
132,125
132,124
132,156
132,114
132,155
132,154
132,153
132,66
132,93
132,118
132,95
132,152
132,117
132,111
132,151
132,150
132,108
132,74
132,149
132,148
132,147
132,112
132,110
132,146
132,145
132,144
132,99
132,109
132,98
132,32
132,143
132,142
132,106
132,141
